,0,1,2,3,4,5,6,7
0,0.07348138471587198,0.08001306335728282,0.08001306335728282,0.1061397779229262,0.1061397779229262,0.07348138471587198,0.0016329196603527107,0.4790986283474853
1,0.08536064874093044,0.08820600369896145,0.08962868117797695,0.11381419832124058,0.11381419832124058,0.08536064874093044,0.0014226774790155072,0.4223929435197041
2,0.09740655059052722,0.09984171435529039,0.10105929623767199,0.12175818823815902,0.12175818823815902,0.09740655059052722,0.0012175818823815902,0.3595519298672836
3,0.0869376222560313,0.10867202782003911,0.13366659421864813,0.13257987394044773,0.13040643338404695,0.0869376222560313,0.0010867202782003911,0.31971310584655505
4,0.06462303231151616,0.08616404308202154,0.07125103562551781,0.09942004971002485,0.08285004142502071,0.10770505385252693,0.0016570008285004142,0.4863297431648716
5,0.08283347614967151,0.09140245644101684,0.08283347614967151,0.11425307055127105,0.09283061982290773,0.11425307055127105,0.0014281633818908881,0.4201656669522993
6,0.09408926417370325,0.10132689987937274,0.09408926417370325,0.13148371531966224,0.10253317249698432,0.12062726176115803,0.0012062726176115801,0.3546441495778046
7,0.08957811098590253,0.14929685164317089,0.1274765425568613,0.08354701837499712,0.09761717222822712,0.11484373203320838,0.0011484373203320838,0.33649213485730056
8,0.08441558441558442,0.11255411255411256,0.08441558441558442,0.17207792207792208,0.12445887445887446,0.10822510822510822,0.0010822510822510823,0.31277056277056275
9,0.0729442970822281,0.07957559681697612,0.10775862068965517,0.08289124668435012,0.10610079575596816,0.07128647214854111,0.0016578249336870025,0.4777851458885941
10,0.08461207514699556,0.09034848702136813,0.1147282374874516,0.09321669295855443,0.1147282374874516,0.08317797217840242,0.0014341029685931452,0.4177541947511832
11,0.09608367793724154,0.10094867428849427,0.1216249087813184,0.10338117246412065,0.12770615422038434,0.09486742884942835,0.001216249087813184,0.3541717343711992
12,0.08554412560909583,0.11153221440173254,0.12994044396318355,0.1461829994585815,0.12452625879805089,0.0844612885760693,0.0010828370330265296,0.3167298321602599
13,0.08955223880597014,0.05970149253731343,0.06965174129353234,0.03980099502487562,0.03980099502487562,0.08955223880597014,0.001990049751243781,0.609950248756219
14,0.100080064051241,0.040032025620496396,0.11008807045636508,0.0500400320256205,0.0500400320256205,0.06004803843074459,0.0020016012810248197,0.5876701361088871
15,0.08638065073423552,0.06478548805067665,0.07198387561186294,0.1295709761013533,0.1151742009789807,0.10077742585660812,0.0014396775122372588,0.4298877051540455
16,0.0810208628721896,0.07089325501316589,0.06076564715414219,0.0405104314360948,0.0405104314360948,0.10127607859023699,0.0020255215718047396,0.602997771926271
17,0.08860011813349085,0.04922228785193936,0.09844457570387873,0.04922228785193936,0.04922228785193936,0.06891120299271511,0.0019688915140775743,0.5944083481000196
18,0.09382217090069285,0.12990762124711316,0.05773672055427252,0.06495381062355658,0.11547344110854504,0.10825635103926098,0.001443418013856813,0.42840646651270214
19,0.079783969559347,0.1841168528292623,0.049097827421136615,0.018411685282926228,0.09819565484227323,0.1779796244016202,0.0012274456855284153,0.39118693997790593
20,0.06740345882973747,0.07582889118345465,0.06740345882973747,0.05897802647602028,0.1207218795660747,0.09436484236163245,0.0016850864707434368,0.5136143562825995
21,0.09624197983501374,0.09165902841429881,0.08402077604644057,0.07638252367858234,0.07638252367858234,0.10846318362358692,0.0015276504735716467,0.46532233424992364
22,0.10498355679230964,0.10118897040222616,0.09486465975208702,0.08854034910194788,0.08854034910194788,0.12775107513281053,0.0012648621300278269,0.39286617758664305
23,0.09311195871662553,0.08974646623289208,0.08974646623289208,0.15144716176800538,0.08974646623289208,0.13574153017724927,0.001121830827911151,0.3493381198115324
24,0.05367686527106817,0.10019681517266059,0.06262300948291287,0.044730721059223474,0.06262300948291287,0.12882447665056362,0.001789228842368939,0.5455358740382895
25,0.07774950523042126,0.11450381679389314,0.08481764206955048,0.07068136839129206,0.09895391574780889,0.1371218546791066,0.0014136273678258412,0.41475826972010177
26,0.0670644307350383,0.10059664610255745,0.05029832305127872,0.05197493381965468,0.1201146687562975,0.11736275378631703,0.0016766107683759575,0.49091163298048035
27,0.08740083366949038,0.12101653892698667,0.08740083366949038,0.08202232082829097,0.08202232082829097,0.1344628210299852,0.001344628210299852,0.40432970283716546
28,0.05805274506551667,0.09951899154088573,0.07298059379664953,0.06634599436059048,0.08956709238679715,0.09122574224581191,0.001658649859014762,0.5206501907447337
29,0.08121277747698971,0.11505143475906877,0.09339469409853818,0.08798050893340553,0.10693015701136979,0.10828370330265295,0.001353546291283162,0.40579317812669197
30,0.05534471853257432,0.08697027197975965,0.06325110689437065,0.07906388361796332,0.07906388361796332,0.14231499051233398,0.0015812776723592664,0.4924098671726755
31,0.0760841998478316,0.1141262997717474,0.0697438498605123,0.1141262997717474,0.10144559979710879,0.1394876997210246,0.00126806999746386,0.38371798123256406
32,0.08291873963515754,0.12437810945273632,0.14096185737976782,0.03316749585406302,0.04975124378109453,0.06633499170812604,0.001658374792703151,0.5008291873963516
33,0.09833486298675756,0.13111315064901008,0.1442244657139111,0.05900091779205454,0.07211223285695555,0.08522354792185656,0.0013111315064901008,0.40867969057296444
34,0.09364890175378852,0.08002724331687383,0.08854077983994552,0.06810829218457348,0.06810829218457348,0.06981099948918781,0.001702707304614337,0.5300527839264431
35,0.10523150932050511,0.09320505111244738,0.10072158749248346,0.08268190018039687,0.08268190018039687,0.08418520745640408,0.0015033072760072157,0.44978953698135893
36,0.10986328125,0.1123046875,0.106201171875,0.091552734375,0.103759765625,0.0927734375,0.001220703125,0.38232421874999994
37,0.07987497829484286,0.09897551658274006,0.06945650286508075,0.06945650286508075,0.06945650286508075,0.08682062858135094,0.0017364125716270186,0.5242229553741969
38,0.09080083358142305,0.10717475439118786,0.08484668055969039,0.08186960404882405,0.08186960404882405,0.09675498660315571,0.0014885382554331648,0.4551949985114618
39,0.10219530658591976,0.1286903860711582,0.09714862477920767,0.10724198839263184,0.09462528387585162,0.10724198839263184,0.0012616704516780217,0.361594751450921
40,0.11339705167665641,0.07289810464927912,0.0777579782925644,0.0971974728657055,0.10529726227118096,0.056698525838328205,0.0016199578810950916,0.4751336465251904
41,0.12174804562347816,0.08970908624887865,0.09355376137383058,0.12174804562347816,0.11534025374855825,0.07689350249903884,0.0012815583749839806,0.3797257465077535
42,0.06356641017062563,0.06858481097356976,0.06691201070592172,0.08364001338240215,0.1087320173971228,0.1087320173971228,0.001672800267648043,0.4981599197055872
43,0.09069449621070941,0.09442166728786185,0.09317927692881103,0.10063361908311592,0.12423903590508138,0.12423903590508138,0.0012423903590508137,0.3713504783202882
44,0.20267888614733875,0.07930912936200211,0.03524850193866761,0.07930912936200211,0.04406062742333451,0.03524850193866761,0.0017624250969333803,0.5223827987310539
45,0.19042437431991294,0.09521218715995647,0.06120783460282916,0.11561479869423286,0.06800870511425462,0.06120783460282916,0.0013601741022850923,0.40696409140369966
46,0.07388252678241596,0.08311784263021796,0.06464721093461397,0.05541189508681197,0.07388252678241596,0.10158847432582195,0.001847063169560399,0.5456224602881419
47,0.09935090740495431,0.10597430123195126,0.09272751357795735,0.0861041197509604,0.09935090740495431,0.11922108888594517,0.0013246787653993907,0.3959464829778778
48,0.07270964614638875,0.08078849571820973,0.08886734529003071,0.1211827435773146,0.10502504443367265,0.048473097430925836,0.0016157699143641946,0.4813378574890935
49,0.08670520231213873,0.09393063583815028,0.10115606936416185,0.12283236994219653,0.10838150289017341,0.057803468208092484,0.001445086705202312,0.4277456647398844
50,0.0949367088607595,0.10126582278481013,0.10759493670886076,0.13924050632911392,0.11392405063291139,0.06329113924050633,0.0012658227848101266,0.37848101265822787
51,0.05974735404574941,0.11949470809149881,0.09388869921474907,0.07681802663024924,0.09388869921474907,0.042676681461249574,0.001707067258449983,0.5117787640833049
52,0.08379888268156424,0.13268156424581007,0.11173184357541899,0.08379888268156424,0.11173184357541899,0.04189944134078212,0.0013966480446927375,0.4329608938547486
53,0.09808729769494849,0.08991335622036946,0.08173941474579041,0.06539153179663233,0.08991335622036946,0.07356547327121138,0.0016347882949158082,0.4997547817557626
54,0.09243364584708835,0.08583124257229632,0.0792288392975043,0.11884325894625644,0.09903604912188037,0.11884325894625644,0.001320480654958405,0.40446322461375944
55,0.01745810055865922,0.0960195530726257,0.04364525139664805,0.061103351955307264,0.07856145251396648,0.16585195530726257,0.001745810055865922,0.5356145251396649
56,0.0490402129746392,0.11209191537060388,0.07005744710662742,0.07005744710662742,0.0980804259492784,0.16813787305590583,0.0014011489421325487,0.4311335294941852
57,0.0670465973851827,0.07542742205833054,0.05866577271203486,0.0670465973851827,0.0670465973851827,0.15085484411666109,0.0016761649346295675,0.5122360040227959
58,0.08710801393728222,0.09380863039399624,0.0804073974805682,0.08710801393728222,0.08710801393728222,0.1541141785044224,0.0013401232913428035,0.4090056285178236
59,0.07848061528802386,0.08161983989954481,0.0753413906765029,0.10202479987443101,0.07848061528802386,0.08632867681682624,0.001569612305760477,0.49615444985088686
60,0.097835391953039,0.10028127675186498,0.09538950715421303,0.11617952794423382,0.097835391953039,0.10395010395010394,0.0012229423994129876,0.38730585789409316
61,0.06432936635574141,0.12865873271148281,0.05628819556127373,0.05628819556127373,0.07237053715020908,0.11257639112254746,0.001608234158893535,0.5078803473785783
62,0.08434985725408772,0.1362574617181417,0.07786140669608098,0.07786140669608098,0.09083830781209447,0.1232805606021282,0.0012976901116013495,0.4082533091097846
63,0.08264462809917356,0.10518407212622088,0.067618332081142,0.10518407212622088,0.07513148009015777,0.09015777610818933,0.0015026296018031556,0.47257700976709244
64,0.10327022375215146,0.12621916236374067,0.09179575444635686,0.11474469305794607,0.09179575444635686,0.10900745840504876,0.0011474469305794606,0.36201950659781984
65,0.06504065040650407,0.08130081300813008,0.06504065040650407,0.06504065040650407,0.06504065040650407,0.14634146341463414,0.0016260162601626016,0.510569105691057
66,0.0930432293157744,0.0930432293157744,0.0930432293157744,0.071571714858288,0.071571714858288,0.12882908674491841,0.00143143429716576,0.4474663612940166
67,0.1089588377723971,0.11501210653753027,0.11501210653753027,0.0847457627118644,0.1089588377723971,0.0847457627118644,0.0012106537530266344,0.3813559322033898
68,0.0411522633744856,0.03292181069958848,0.024691358024691357,0.1728395061728395,0.09053497942386832,0.14814814814814814,0.0016460905349794238,0.48806584362139915
69,0.0574052812858783,0.050229621125143516,0.04305396096440873,0.17221584385763491,0.10045924225028703,0.15068886337543055,0.0014351320321469576,0.4245120551090701
70,0.06887052341597796,0.06260956674179814,0.05634861006761833,0.169045830202855,0.11895817680941648,0.15026296018031554,0.001252191334835963,0.3726521412471826
71,0.06198579961681506,0.05635072692437733,0.07325594500169053,0.19722754423532066,0.10706638115631692,0.16905218077313197,0.0011270145384875466,0.3339344077538601
72,0.11568335812262436,0.13220955214014213,0.08263097008758882,0.05784167906131218,0.05784167906131218,0.05784167906131218,0.0016526194017517765,0.4942984630639564
73,0.11428571428571428,0.14285714285714285,0.1,0.07142857142857142,0.08571428571428572,0.06428571428571428,0.0014285714285714286,0.42
74,0.11104256631708821,0.16039481801357186,0.09870450339296731,0.08019740900678593,0.10487353485502776,0.06785934608266501,0.0012338062924120913,0.3756940160394818
75,0.08399126490844953,0.1259868973626743,0.05879388543591467,0.11758777087182934,0.050394758945069715,0.06719301192675962,0.0016798252981689906,0.4943725852511339
76,0.09387637203928366,0.12998266897746968,0.07221259387637204,0.12276140958983248,0.06499133448873484,0.07943385326400924,0.0014442518775274408,0.4352975158867706
77,0.10103561505430665,0.13260924475877747,0.08209143723162415,0.1262945188178833,0.08840616317251832,0.08840616317251832,0.001262945188178833,0.37989391260419303
78,0.06277463904582548,0.06277463904582548,0.0549278091650973,0.07846829880728186,0.15693659761456372,0.1098556183301946,0.001569365976145637,0.47269303201506585
79,0.09820770930518045,0.0859317456420329,0.07979376381045912,0.09820770930518045,0.14731156395777067,0.12275963663147557,0.0012275963663147557,0.36656027498158605
80,0.0664451827242525,0.132890365448505,0.16611295681063123,0.04983388704318937,0.04983388704318937,0.03322259136212625,0.0016611295681063123,0.5
81,0.08004657255130257,0.13826226167952263,0.16737010624363266,0.06549265026924755,0.06549265026924755,0.050938727987192546,0.0014553922282055014,0.430941638771649
82,0.10008757662955087,0.1501313649443263,0.16264231202302015,0.06881020893281622,0.08132115601151008,0.05629926185412236,0.0012510947078693858,0.37945702489678473
83,0.07036307345904869,0.11961722488038277,0.07739938080495355,0.0914719954967633,0.0914719954967633,0.12665353222628764,0.0014072614691809737,0.4216155361666198
84,0.08115869646647522,0.12485953302534648,0.08740167311774254,0.0998876264202772,0.0998876264202772,0.13110250967661383,0.001248595330253465,0.3744537395430141
85,0.14674710582096853,0.1059840208706995,0.1059840208706995,0.06522093592043046,0.06522093592043046,0.024457850970161423,0.0016305233980107615,0.48475460622859945
86,0.12004043467273187,0.09476876421531463,0.1389941875157948,0.12635835228708617,0.10108668182966894,0.03790750568612585,0.0012635835228708618,0.37958049027040686
87,0.10638297872340426,0.083986562150056,0.20156774916013437,0.1455767077267637,0.08958566629339305,0.0335946248600224,0.0011198208286674132,0.3381858902575588
88,0.04023821020441011,0.05633349428617415,0.1126669885723483,0.15290519877675843,0.08852406244970225,0.07242877836793819,0.0016095284081764044,0.4752937389344922
89,0.06535093451836362,0.07842112142203633,0.12416677558489086,0.15684224284407267,0.09149130832570905,0.09149130832570905,0.0013070186903672723,0.39092929028885115
90,0.08050781854776282,0.10063477318470351,0.08515250038705682,0.08979718222635083,0.0959900913454095,0.09289363678588017,0.0015482272797646694,0.4534757702430717
91,0.05774624649397789,0.14024088434251772,0.07424517406368586,0.05774624649397789,0.05774624649397789,0.12374195677280976,0.0016498927569707968,0.4868833525820822
92,0.07964954201513341,0.14602416036107793,0.09292446568432232,0.07964954201513341,0.07964954201513341,0.13274923669188904,0.0013274923669188902,0.3880260188503917
93,0.10242672549637567,0.0709108099590293,0.08666876772770249,0.0709108099590293,0.11030570438071226,0.0709108099590293,0.001575795776867318,0.48629057674125437
94,0.11466428844438782,0.08918333545674609,0.10192381195056695,0.08918333545674609,0.12103452669129826,0.08918333545674609,0.0012740476493820869,0.39355331889412665
95,0.12517602879048662,0.12517602879048662,0.07823501799405413,0.06258801439524331,0.07823501799405413,0.03911750899702707,0.0015647003598810826,0.48990768267876705
96,0.13095535046146173,0.13095535046146173,0.09353953604390122,0.08106759790471439,0.1247193813918683,0.06235969069593415,0.001247193813918683,0.37515589922673986
97,0.048301400740621475,0.1046530349380132,0.16100466913540493,0.07245210111093221,0.04025116728385123,0.06440186765416196,0.0016100466913540493,0.5073257124456609
98,0.05934718100890208,0.11275964391691394,0.21364985163204747,0.10089020771513353,0.05341246290801187,0.0830860534124629,0.0011869436201780415,0.37566765578635014
99,0.04783926008611067,0.05581247010046245,0.04783926008611067,0.15946420028703556,0.05581247010046245,0.12757136022962845,0.0015946420028703555,0.5040663371073194
100,0.06196640044064995,0.06885155604516661,0.06196640044064995,0.15835857890388322,0.07573671164968328,0.13081795648581657,0.0013770311209033324,0.440925364913247
101,0.07356547327121138,0.07969592937714566,0.07356547327121138,0.15939185875429132,0.09195684158901422,0.1348700343305542,0.0012260912211868563,0.385728298185385
102,0.06497022198159177,0.07038440714672442,0.08662696264212236,0.18408229561451,0.10286951813752031,0.14076881429344884,0.0010828370330265296,0.3492149431510558
103,0.05151604356785399,0.06623491315866942,0.2355019134530468,0.04415660877244628,0.06623491315866942,0.10303208713570798,0.0014718869590815426,0.43185163379452457
104,0.09641651936365098,0.07713321549092078,0.07231238952273823,0.06909850554394986,0.14462477904547646,0.06749156355455568,0.001606941989394183,0.47131608548931386
105,0.10564255530698484,0.09072831220482228,0.08699975142928162,0.09072831220482228,0.14292816306239126,0.08327119065374099,0.0012428535918468805,0.3984588615461099
106,0.04654771140418929,0.16291698991466252,0.13964313421256788,0.038789759503491075,0.038789759503491075,0.07757951900698215,0.0015515903801396431,0.49418153607447635
107,0.06934812760055478,0.16391375614676584,0.14500063043752365,0.06304375236414071,0.06304375236414071,0.09456562854621106,0.0012608750472828142,0.39982347749338043
108,0.061614294516327786,0.046210720887245836,0.07701786814540973,0.08471965495995071,0.08471965495995071,0.15403573629081946,0.0015403573629081946,0.4901417128773875
109,0.07496251874062969,0.062468765617191405,0.08745627186406797,0.09995002498750626,0.09995002498750626,0.17491254372813594,0.0012493753123438282,0.3990504747626187
110,0.09246417013407306,0.06164278008938203,0.12328556017876406,0.09246417013407306,0.06934812760055478,0.06164278008938203,0.0015410695022345508,0.4976113422715364
111,0.11367715687447648,0.11367715687447648,0.10171114036137369,0.14957520641378486,0.07777910733516812,0.06581309082206534,0.0011966016513102788,0.3765705396673447
112,0.07844367743959837,0.07844367743959837,0.1490429871352369,0.0627549419516787,0.07844367743959837,0.05491057420771886,0.0015688735487919675,0.49639159083777845
113,0.08076457127473416,0.10768609503297887,0.14806838067034594,0.0673038093956118,0.10768609503297887,0.06057342845605061,0.0013460761879122358,0.4265715439493875
114,0.06481721545242417,0.155561317085818,0.06870624837956961,0.045372050816696916,0.14259787399533316,0.11278195488721805,0.0012963443090484833,0.4088669950738916
115,0.06496881496881497,0.13643451143451144,0.10265072765072765,0.045478170478170474,0.14293139293139293,0.09875259875259874,0.0012993762993762992,0.4074844074844075
116,0.12932892656990946,0.07903434401494468,0.10777410547492457,0.08621928437993964,0.10777410547492457,0.04310964218996982,0.0014369880729989942,0.44532260382238825
117,0.06119951040391677,0.09944920440636475,0.14534883720930233,0.09179926560587515,0.06884944920440636,0.053549571603427173,0.001529987760097919,0.4782741738066096
118,0.08097670362526473,0.11212158963498194,0.14949545284664256,0.10589261243303849,0.08720568082720817,0.07474772642332128,0.001245795440388688,0.38831443876915406
119,0.12137763617053557,0.12896373843119405,0.144135942952511,0.04551661356395084,0.04551661356395084,0.03793051130329237,0.0015172204521316946,0.4750417235624336
120,0.13190954773869346,0.16331658291457288,0.1507537688442211,0.056532663316582916,0.056532663316582916,0.05025125628140704,0.001256281407035176,0.38944723618090454
121,0.11896883796730703,0.008588722577819194,0.008588722577819194,0.06012105804473435,0.18036317413420308,0.08588722577819194,0.0017177445155638388,0.5357645144043612
122,0.08735385028893966,0.07391479639833355,0.15454911974197016,0.134390538906061,0.0537562155624244,0.0806343233436366,0.0013439053890606102,0.414057250369574
123,0.13149655604257984,0.11897307451471509,0.10018785222291797,0.050093926111458985,0.10018785222291797,0.11271133375078271,0.0012523481527864746,0.38509705698184094
124,0.11624045167718366,0.13838149009188533,0.11070519207350825,0.06642311524410495,0.11070519207350825,0.11070519207350825,0.0011070519207350825,0.34573231484556627
125,0.04962779156327544,0.06617038875103391,0.11579818031430934,0.11579818031430934,0.0413564929693962,0.09925558312655088,0.0016542597187758478,0.5103391232423491
126,0.07271285034373348,0.08593336858804865,0.12559492332099417,0.12559492332099417,0.0594923320994183,0.11237440507667901,0.0013220518244315177,0.4169751454257007
127,0.07075471698113207,0.10534591194968554,0.09433962264150944,0.055031446540880505,0.07861635220125786,0.09905660377358491,0.0015723270440251573,0.49528301886792453
128,0.10442500978984466,0.12008876125832137,0.0848453204542488,0.0848453204542488,0.10442500978984466,0.08876125832136797,0.0013053126223730584,0.4113040073097507
129,0.04528985507246377,0.06793478260869565,0.08303140096618358,0.10567632850241546,0.08303140096618358,0.12832125603864736,0.0015096618357487923,0.4852053140096618
130,0.07170172084130019,0.08962715105162525,0.1015774378585086,0.11950286806883366,0.1015774378585086,0.1374282982791587,0.0011950286806883365,0.3773900573613767
131,0.05145356315924878,0.05788525855415488,0.08361204013377926,0.12863390789812196,0.15436068947774634,0.11577051710830975,0.0012863390789812194,0.4069976845896578
132,0.0857948277975242,0.13482044368182375,0.09805123176859909,0.06741022184091187,0.09805123176859909,0.12869224169628632,0.0012256403971074887,0.38595416104914815
133,0.08408796895213454,0.0646830530401035,0.045278137128072445,0.14877102199223805,0.12289780077619664,0.12289780077619664,0.00129366106080207,0.41009055627425617
134,0.08027664567123625,0.1025071013955786,0.0703964431270841,0.11732740521180683,0.10497715203161664,0.12967765839199702,0.0012350253180190194,0.3936025688526614
135,0.08012820512820512,0.11711045364891517,0.07026627218934911,0.12327416173570019,0.10478303747534516,0.11464497041420117,0.001232741617357002,0.388560157790927
136,0.07929730389166768,0.152494815176284,0.12199585214102719,0.06709771867756496,0.08539709649871904,0.10369647431987312,0.0012199585214102719,0.38880078077345365
137,0.07078296852880323,0.16879015572253078,0.13067624959163673,0.07078296852880323,0.09800718719372754,0.11434171839268213,0.0010889687465969727,0.34552978329521944
138,0.09231905465288036,0.12309207287050715,0.11693746922698178,0.049236829148202856,0.086164451009355,0.13540128015755787,0.0012309207287050715,0.39561792220580994
139,0.03837298541826554,0.01918649270913277,0.10552570990023023,0.028779739063699152,0.03837298541826554,0.15349194167306215,0.001918649270913277,0.6143514965464313
140,0.11033681765389082,0.14518002322880372,0.09175377468060394,0.06968641114982578,0.11614401858304298,0.09407665505226481,0.0011614401858304297,0.3716608594657375
141,0.0989068193649141,0.16137428422696512,0.11348256116605934,0.07287870900572618,0.1353461738677772,0.08433107756376887,0.001041124414367517,0.33263925039042164
142,0.15194015895278168,0.09934548854604955,0.09350163627863488,0.09934548854604955,0.11103319308087892,0.07012622720897616,0.0011687704534829358,0.37353903693314633
143,0.07758202683045094,0.07758202683045094,0.07758202683045094,0.07758202683045094,0.07758202683045094,0.07758202683045094,0.0016162922256343945,0.5328915467916598
144,0.08569647865378623,0.08569647865378623,0.07790588968526022,0.07011530071673419,0.10127765659083827,0.08569647865378623,0.0015581177937052041,0.4920535992521035
145,0.15360983102918588,0.07680491551459294,0.07089684509039348,0.12997754933238806,0.11225333805978968,0.07680491551459294,0.0011816140848398913,0.3784709913742172
146,0.07695950745915225,0.07695950745915225,0.07103954534690977,0.1302391664693346,0.11247928013260715,0.1539190149183045,0.0011839924224484964,0.37721998579209093
147,0.07697773567029843,0.15395547134059687,0.07105637138796779,0.11250592136428234,0.1302700142112743,0.07697773567029843,0.0011842728564661299,0.37707247749881573
148,0.09108744394618834,0.08408071748878923,0.09809417040358744,0.11911434977578475,0.10510089686098655,0.05605381165919282,0.0014013452914798206,0.44506726457399104
149,0.05156917636658317,0.058936201561809336,0.14734050390452336,0.13260645351407102,0.08103727714748783,0.05156917636658317,0.0014734050390452335,0.4754678060998968
150,0.08617505847593254,0.07386433583651361,0.15388403299273667,0.14157331035331774,0.08617505847593254,0.06770897451680415,0.0012310722639418935,0.38938815708482094
151,0.044424700133274105,0.11846586702206427,0.13327410039982232,0.08144528357766918,0.06663705019991116,0.08144528357766918,0.0014808233377758035,0.4728268917518141
152,0.07390983000739099,0.14166050751416606,0.12934220251293424,0.0800689825080069,0.08622813500862282,0.09854644000985464,0.001231830500123183,0.38901207193890125
153,0.09560229445506693,0.12547801147227533,0.07767686424474188,0.07170172084130019,0.08962715105162525,0.15535372848948376,0.0011950286806883365,0.3833652007648184
154,0.08610483263373156,0.145301905069422,0.09148638467333979,0.07534172855451512,0.10224948875255624,0.16144656118824668,0.0010763104079216446,0.33699278872026694
155,0.1875293014533521,0.12892639474917955,0.07618377871542428,0.07618377871542428,0.12892639474917955,0.035161744022503515,0.0011720581340834504,0.3659165494608532
156,0.10075002798611889,0.09515280420911229,0.1119444755401321,0.1063472517631255,0.13993059442516512,0.09515280420911229,0.001119444755401321,0.34960259711183256
157,0.10078387458006718,0.10078387458006718,0.09518477043673013,0.13997760358342665,0.10078387458006718,0.11198208286674133,0.0011198208286674132,0.3493840985442329
158,0.10063737001006375,0.11181930001118194,0.10063737001006375,0.13977412501397743,0.09504640500950465,0.10063737001006375,0.0011181930001118194,0.35032986693503304
159,0.0663860103626943,0.10362694300518134,0.07286269430051813,0.08095854922279792,0.08095854922279792,0.08095854922279792,0.0016191709844559584,0.5126295336787565
160,0.08423087544877106,0.11599005799502898,0.08975421154377243,0.09665838166252416,0.09665838166252416,0.09665838166252416,0.001380834023750345,0.41866887600110464
161,0.1000549752611325,0.14733369983507422,0.10445299615173172,0.10995052226498075,0.10995052226498075,0.0879604178119846,0.0010995052226498076,0.33919736118746563
162,0.10810810810810811,0.11218765935747067,0.09178990311065782,0.15706272310045896,0.09178990311065782,0.13258541560428352,0.0010198878123406426,0.30545639979602246
163,0.0980482841550273,0.1757469244288225,0.09249838127832764,0.14244750716862456,0.09249838127832764,0.12024789566182593,0.0009249838127832763,0.27758764221626125
164,0.09791243303159063,0.13855532976168483,0.06465915388878626,0.17919822649177908,0.11084426380934788,0.12931830777757253,0.0009237021984112323,0.2785885830408277
165,0.11122233344455566,0.11122233344455566,0.11122233344455566,0.11122233344455566,0.11122233344455566,0.11122233344455566,0.0011122233344455566,0.33155377599822045
166,0.07217321571772253,0.07858861267040898,0.10425020048115477,0.07858861267040898,0.10425020048115477,0.07217321571772253,0.0032076984763432237,0.4867682437850842
167,0.08411608019066312,0.0869199495303519,0.11215477358755083,0.08832188420019628,0.11215477358755083,0.08411608019066312,0.0028038693396887707,0.42941258937333526
168,0.0968640271219276,0.09928562779997578,0.1210800339024095,0.10049642813899988,0.1210800339024095,0.0968640271219276,0.00242160067804819,0.36190822133430195
169,0.06393442622950819,0.08524590163934426,0.07049180327868852,0.09836065573770492,0.08196721311475409,0.10655737704918032,0.003278688524590164,0.4901639344262295
170,0.08014370595550642,0.08843443415780018,0.08014370595550642,0.11054304269725024,0.08981622219151582,0.11054304269725024,0.0027635760674312557,0.43761227027773936
171,0.09375,0.10096153846153846,0.09375,0.1310096153846154,0.10216346153846154,0.1201923076923077,0.002403846153846154,0.3557692307692308
172,0.08102414519526818,0.10533138875384865,0.10371090584994327,0.07130124777183601,0.07778317938745746,0.06968076486793064,0.0032409658078107273,0.48792740236590504
173,0.09175607001693958,0.11293054771315642,0.11293054771315642,0.08328627893845285,0.08893280632411067,0.0818746470920384,0.0028232636928289105,0.42546583850931674
174,0.10196737044145873,0.12595969289827255,0.1199616122840691,0.09476967370441458,0.09956813819577735,0.0935700575815739,0.0023992322456813818,0.3618042226487524
175,0.06751543209876544,0.08873456790123457,0.06558641975308642,0.06751543209876544,0.08680555555555555,0.03858024691358025,0.003858024691358025,0.5814043209876543
176,0.11859913492395702,0.1060415794614204,0.08929817217803823,0.06278777731268313,0.0767406167155016,0.12557555462536626,0.0027905678805636948,0.4181665969024696
177,0.10674257249599715,0.05337128624799858,0.05337128624799858,0.06404554349759829,0.099626400996264,0.0889521437466643,0.0035580857498665715,0.5303326810176126
178,0.1341921631776704,0.0670960815888352,0.0670960815888352,0.10198604401502952,0.1288244766505636,0.0939345142243693,0.0026838432635534083,0.4041867954911433
179,0.07092198581560284,0.03546099290780142,0.05319148936170213,0.07092198581560284,0.14184397163120568,0.0975177304964539,0.0035460992907801418,0.526595744680851
180,0.08051529790660225,0.051237007758746886,0.0731957253696384,0.08051529790660225,0.1610305958132045,0.12443273312838529,0.0029278290147855364,0.42614551310203486
181,0.07287301876480233,0.1093095281472035,0.07287301876480233,0.07287301876480233,0.07287301876480233,0.05465476407360175,0.0036436509382401167,0.5408999817817453
182,0.10131712259371835,0.1302648719062093,0.10131712259371835,0.08684324793747286,0.08684324793747286,0.05789549862498191,0.0028947749312490953,0.43262411347517726
183,0.10038974843510097,0.1062950277548128,0.09448446911538916,0.0826739104759655,0.09448446911538916,0.15353726231250736,0.0023621117278847287,0.36577300106295024
184,0.11833385926159673,0.059955822025875675,0.059955822025875675,0.08835594824865889,0.08835594824865889,0.10571158094035975,0.003155569580309246,0.47617544966866526
185,0.16303638972218598,0.07564888483109429,0.07564888483109429,0.09912612495108908,0.09912612495108908,0.08738750489109169,0.0026085822355549756,0.39741750358680056
186,0.03829216925138809,0.07658433850277618,0.028719126938541072,0.06701129618992917,0.06701129618992917,0.11487650775416429,0.0038292169251388096,0.6036760482481334
187,0.09307520476545048,0.04653760238272524,0.05212211466865227,0.08376768428890542,0.10238272524199553,0.027922561429635142,0.003723008190618019,0.5904690990320178
188,0.1696512723845429,0.05655042412818096,0.02827521206409048,0.07540056550424128,0.03770028275212064,0.02827521206409048,0.003770028275212064,0.6003770028275212
189,0.06202374623427256,0.0354421407052986,0.11518695729222046,0.0708842814105972,0.11518695729222046,0.0354421407052986,0.00354421407052986,0.5622895622895624
190,0.07597734493714602,0.055256250863378924,0.11741953308468021,0.11051250172675785,0.14504765851636967,0.055256250863378924,0.002762812543168946,0.4377676474651195
191,0.0639386189258312,0.079923273657289,0.0719309462915601,0.1118925831202046,0.0719309462915601,0.1118925831202046,0.00319693094629156,0.4852941176470588
192,0.08395763368638594,0.0968741927150607,0.09041591320072333,0.12270731077241022,0.09041591320072333,0.12270731077241022,0.002583311805734952,0.39033841384655127
193,0.09459924320605435,0.06879944960440317,0.06879944960440317,0.11179910560715514,0.07739938080495357,0.06019951840385277,0.0034399724802201583,0.5149638802889577
194,0.1040582726326743,0.08176007135424408,0.08176007135424408,0.11892374015162777,0.08919280511372082,0.06689460383529061,0.002973093503790694,0.45443734205440756
195,0.10902483343428225,0.09085402786190187,0.1029678982434888,0.13930950938824954,0.10902483343428225,0.06662628709872805,0.0024227740763173833,0.37976983646274987
196,0.09840367373715285,0.10387054450032801,0.11480428602667833,0.18040673518478023,0.12027115678985348,0.049201836868576425,0.002186748305270063,0.3308550185873606
197,0.09298289114802875,0.09918175055789734,0.11777832878750309,0.11157946937763451,0.12397718819737168,0.06198859409868584,0.002479543763947434,0.39003223406893134
198,0.1254255509765275,0.035835871707579285,0.08958967926894822,0.035835871707579285,0.08958967926894822,0.07167174341515857,0.0035835871707579287,0.548468016484501
199,0.135464643727987,0.0677323218639935,0.1083717149823896,0.08127878623679219,0.1083717149823896,0.0677323218639935,0.0027092928745597396,0.42833920346789484
200,0.09752020061298412,0.13931457230426303,0.1602117581499025,0.04179437169127891,0.09055447199777097,0.04179437169127891,0.0027862914460852605,0.4260239621064364
201,0.11169024571854058,0.09307520476545049,0.09307520476545049,0.11169024571854058,0.12410027302060066,0.08687019111442046,0.002482005460412013,0.3770166294365848
202,0.06188118811881188,0.06188118811881188,0.07072135785007072,0.06188118811881188,0.09724186704384724,0.0884016973125884,0.003536067892503536,0.5544554455445545
203,0.084123585194249,0.06882838788620374,0.07647598654022637,0.06882838788620374,0.09941878250229429,0.1223615784643622,0.003059039461609055,0.4769042520648517
204,0.09843811523822024,0.07218795117469484,0.0918755742223389,0.07218795117469484,0.12468827930174564,0.14437590234938968,0.0026250164063525397,0.3936212101325633
205,0.08405930001528351,0.10698456365581538,0.08405930001528351,0.06113403637475165,0.08405930001528351,0.12990982729634726,0.0030567018187375823,0.44673697080849767
206,0.06346519991537973,0.06346519991537973,0.06346519991537973,0.06346519991537973,0.06346519991537973,0.06346519991537973,0.0042310133276919825,0.6149777871800296
207,0.10366275051831375,0.10366275051831375,0.07601935038009675,0.14512785072563925,0.11748445058742225,0.0414651002073255,0.0027643400138217,0.40981340704906705
208,0.09486281377699941,0.09486281377699941,0.06567425569176882,0.1094570928196147,0.06567425569176882,0.1386456509048453,0.002918855808523059,0.4279042615294804
209,0.10921366163621922,0.08935663224781572,0.08935663224781572,0.049642573471008734,0.049642573471008734,0.02978554408260524,0.003971405877680699,0.5790309769658459
210,0.1309622277364213,0.1171767300799559,0.1171767300799559,0.08960573476702509,0.08960573476702509,0.0482492417976289,0.0027570995312930797,0.4044665012406948
211,0.07890264627336732,0.07890264627336732,0.07283321194464676,0.15780529254673464,0.11531925224569071,0.1335275552318524,0.0024277737314882253,0.36028162175285267
212,0.11510965709438993,0.07875923906458258,0.1332848661092936,0.07270083605961469,0.15751847812916517,0.07875923906458258,0.0024233612019871563,0.36144432327638437
213,0.08469791078486731,0.11998870694522869,0.05928853754940712,0.11998870694522869,0.05928853754940712,0.12845849802371542,0.0028232636928289105,0.42546583850931674
214,0.11934673366834171,0.0942211055276382,0.10050251256281408,0.12562814070351758,0.13819095477386933,0.03768844221105527,0.002512562814070352,0.38190954773869346
215,0.0814000814000814,0.0814000814000814,0.0814000814000814,0.11531678198344865,0.11531678198344865,0.11531678198344865,0.00271333604666938,0.4071360738027405
216,0.07527050337149128,0.11290575505723693,0.07527050337149128,0.11290575505723693,0.07527050337149128,0.07527050337149128,0.0031362709738121373,0.46997020542574874
217,0.1177551978951261,0.05610730096253774,0.09861283199476331,0.05610730096253774,0.09861283199476331,0.05610730096253774,0.0034004424825780453,0.5132967927451558
218,0.09239704329461457,0.10559662090813093,0.08579725448785638,0.1187961985216473,0.08579725448785638,0.11219640971488912,0.0026399155227032735,0.396779303062302
219,0.08414675193537528,0.10939077751598787,0.1514641534836755,0.0589027263547627,0.0589027263547627,0.025244025580612586,0.0033658700774150114,0.5085829686974083
220,0.09741524873360177,0.11689829848032213,0.18184179763605662,0.07793219898688142,0.07793219898688142,0.05195479932458761,0.0025977399662293803,0.3934277178854397
221,0.1386577925679423,0.09706045479755962,0.09706045479755962,0.0901275651691625,0.0901275651691625,0.062396006655574036,0.002773155851358846,0.4217970049916805
222,0.0885196786054746,0.10213809069862455,0.14299332697807438,0.04766444232602479,0.0885196786054746,0.11575650279177449,0.0027236824186299877,0.4116845975759227
223,0.10927488826642676,0.12384487336861699,0.10758841249084823,0.08013491806204628,0.09470490316423652,0.0437099553065707,0.002913997020438047,0.4378280523208165
224,0.09903049148832926,0.16505081914721542,0.09750212090302604,0.0726223604247748,0.12543862255188373,0.0396121965953317,0.002640813106355447,0.3981025757830836
225,0.09953550099535502,0.13271400132714004,0.08294625082946251,0.06635700066357002,0.06635700066357002,0.04976775049767751,0.0033178500331785005,0.4990046449900465
226,0.11918951132300357,0.15891934843067143,0.09932459276916965,0.07945967421533572,0.07945967421533572,0.05959475566150178,0.0026486558071778573,0.40140378757780426
227,0.08835123012097322,0.12912872094603778,0.1019437270626614,0.07475873317928503,0.07475873317928503,0.1155362240043496,0.0027184993883376373,0.41280413211907024
228,0.08711885500933417,0.16179215930304916,0.12445550715619166,0.06845052893590542,0.09956440572495333,0.08089607965152458,0.002489110143123833,0.37523335407591785
229,0.0772882853041846,0.16561775422325273,0.1545765706083692,0.07176769349674285,0.11041183614883515,0.08280887711162636,0.002208236722976703,0.3353207463840123
230,0.040286639439612845,0.020143319719806423,0.1487433086409806,0.020143319719806423,0.14503190198260624,0.010071659859903211,0.004028663943961284,0.6115511866933231
231,0.09935419771485345,0.1552409339294585,0.09314456035767511,0.04967709885742672,0.11798310978638847,0.10556383507203179,0.0024838549428713363,0.37655240933929457
232,0.08839779005524862,0.20441988950276244,0.1270718232044199,0.04419889502762431,0.11602209944751381,0.08287292817679558,0.0022099447513812156,0.33480662983425413
233,0.07485029940119761,0.12928688078388678,0.07485029940119761,0.04763200870985303,0.1020685900925422,0.15650517147523135,0.0027218290691344584,0.41208492106695704
234,0.0945179584120983,0.12602394454946442,0.07876496534341526,0.07876496534341526,0.07876496534341526,0.06301197227473221,0.0031505986137366103,0.4770006301197228
235,0.11180124223602485,0.16149068322981366,0.09316770186335403,0.09316770186335403,0.09316770186335403,0.06832298136645963,0.002484472049689441,0.3763975155279503
236,0.07196833393306945,0.07196833393306945,0.07196833393306945,0.12594458438287154,0.07196833393306945,0.035984166966534725,0.003598416696653473,0.5465994962216625
237,0.07001820473323064,0.07001820473323064,0.16804369135975353,0.11202912757316902,0.11202912757316902,0.04201092283993838,0.0028007281893292256,0.4230499929981795
238,0.0903179190751445,0.0903179190751445,0.0722543352601156,0.054190751445086706,0.054190751445086706,0.0903179190751445,0.0036127167630057803,0.5447976878612717
239,0.13271400132714,0.13271400132714,0.10617120106171202,0.07962840079628401,0.07962840079628401,0.06635700066357,0.0026542800265428003,0.40013271400132716
240,0.08084668528590329,0.08084668528590329,0.12494487726003235,0.09554608261061297,0.12494487726003235,0.05144789063648391,0.0029398794649419377,0.43848302219609003
241,0.05763214226905978,0.1070311213568253,0.05763214226905978,0.1070311213568253,0.05763214226905978,0.1070311213568253,0.0032932652725177016,0.5027169438498271
242,0.09531071292413268,0.13343499809378576,0.09531071292413268,0.13343499809378576,0.09531071292413268,0.0571864277544796,0.0025416190113102047,0.38746981827424065
243,0.06982156710628394,0.08533747090768037,0.06982156710628394,0.1008533747090768,0.06982156710628394,0.11636927851047324,0.0031031807602792862,0.4848719937936385
